3.09076221305e-06
-0.0121515685735
-0.027085210383
0.0352049087995
0.560948603367
-0.832159712166
0.651667693925
0.67477519254
0.048270858415
0.162009790812
0.203611972173
0.0427411192438
-0.0231111134106
0.0178128838402
0.0365942330281
-0.0590738115504
-0.0670048051026
-0.0429056042738
-0.0578847017787
-0.0739057675169
-0.0749244273269
-0.0690836872355
-0.0616072903673
-0.0819037188426
-0.0875934983019
-0.0656064904578
-0.0453689435768
-0.0409224030575
-0.03334146356
-0.0286094105722
-0.0407631938685
-0.0318208524708
-0.0165401516296
-0.00820645387461
-0.00544331846565
0.0107169868124
0.0314148033463
0.0170321450302
-0.00317029523399
0.00374403172714
0.0289629278173
0.0270578147691
0.0185462385102
0.0327483604009
0.0308619668492
0.0400299698914
0.0580999541905
0.0294460019495
0.00760771296882
0.0182909864433
0.0329918428334
0.0349307948114
0.013191670521
-0.0109072221859
-0.00432723097118
0.0102886804342
0.0058988945121
-0.00205099678547
0.00261154162923
0.00601633202786
-0.00205001538368
-0.0105628983344
-0.0158321831509
-0.0236963747101
-0.0275506557122
-0.0207968800299
-0.0114957319159
-0.008444799179
-0.0160559184338
-0.0248284122897
-0.0186689616199
-0.0122605396499
-0.0136954812825
-0.0127538258443
-0.00581296159595
0.00195854973833
0.000997425730971
-0.002872622539
-0.00602691828761
-0.00190939955603
0.000654452654097
0.00236893066557
0.00467242710735
0.00021245078419
0.00362296639931
0.0104968099037
0.00983753426186
0.00676746613277
0.00641204229596
0.0109712415537
0.0109295372498
0.0106929404874
0.0124739943086
0.00969919543041
0.00824986130358
0.00741176225178
0.00427834073047
0.00327396905697
0.00442033345542
0.00480308701955
0.00371289003471
-0.000288018276222
-0.00277957039615
-0.00301154713112
-0.00390596482755
-0.00471867368478
-0.00322837891823
-0.00382375981805
-0.0050356311117
-0.00539126602929
-0.00489538122365
-0.00428036335318
-0.00574047815642
-0.0019600962273
-0.00247817612608
-0.00510557821731
-0.0069134418337
-0.00571610039832
-0.0044601782923
-0.00315735987253
-0.00108596663137
-0.00192324848883
-0.00202482743453
-0.00139793330261
0.0014122316651
0.0027319129362
0.00109135762222
0.00307742171606
0.00281590043973
0.00322844439787
0.00212087980969
0.00242118142729
0.00119651993897
0.0013736414717
0.000756494366233
0.00228838843889
0.00230214363924
0.00151061383067
0.0036103406876
0.00275272948376
0.00257871208831
0.00160225355479
0.000612265937819
-0.000364507475266
-5.17425743443e-05
-0.000483302947206
0.000205740830452
-0.000178129986052
0.000311256695554
0.000102537972238
0.000644688045588
0.0019401831353
0.000326701550111
-0.000532846297416
-0.00208255358398
-0.0012668811678
-0.00225078919137
-0.00136906700885
-0.00190661907866
-0.00184316236056
-0.00173269149261
-0.00159371343645
-0.00148236064298
-0.00138065775836
-0.00126328097129
-0.000405141999965
0.00116126734804
0.000524309769713
-0.00011133399144
-2.43251612969e-05
5.04139727194e-05
0.000114933037201
-0.000561965726728
-0.000515453904714
-0.000485996288479
0.000262022782616
0.00100313152971
0.00100484680514
0.000263754728961
0.00171127777864
0.000218943687299
0.000910902824645
0.00159547178015
0.00154286999691
-0.000713019738274
0.000688360740118
-0.000109921122749
0.000558391371298
0.000486822425182
0.000407209626536
0.00032696073976
0.000251868601336
0.000176323707013
-0.000633011669398
-0.000704899721008
-0.000775018147347
-0.000107410309894
-0.000163923809736
-0.000223557998938
-0.000284640763654
-0.00033893733047
-0.000384290949464
-0.000423789358097
-0.000463469190986
-0.000503927090285
0.00019511102005
-0.000561605186808
0.000151805910635
0.000869327166336
-0.000603823667342
0.000127639975471
-0.00133475579561
0.00086928635511
0.0001472351616
0.000161016020393
-0.000553994994767
0.00093581613051
0.000234927423799
0.000272311806356
0.00104508339218
0.000354225702119
0.000401230626272
-0.000279219542705
-0.000224220575636
-0.000898624915547
-0.000836036173785
-0.000769677194286
-0.00070180073191
9.88658555057e-05
0.000166668627455
0.00023556831158
0.000305094342049
0.00110660218845
0.00117458148962
0.00050697445417
0.000570518559321
-0.000831862996242
-3.97733407495e-05
-0.000717128478274
6.67980679501e-05
0.000115184713337
0.000159438331532
-0.000533698564753
0.000233812523537
0.000263429383485
0.000287967499591
-0.000425246603202
-0.00114417669445
0.00032961701421
0.000333649396658
-0.000398862221983
0.000329225015094
-0.000412823255606
0.000305908255243
-0.000443877828406
-0.000463933479602
-0.0004866193988
0.000221725115147
-0.000536965053182
0.000168214289558
0.000872512641517
0.000844521636673
8.41193760108e-05
5.65494533922e-05
3.09053933308e-05
0.00073885685111
0.000715220891753
-0.000772462871555
-0.00079285108584
-7.85829572582e-05
-9.42407087698e-05
-0.000840177039928
0.000613432246131
-0.000129023460784
-0.000136922507666
-0.000142699072234
-0.00014695732017
-0.000150778145883
0.000579025801031
0.000576313786454
-0.000159306900409
-0.000163040872148
-0.00016774402518
0.000558401339245
0.000550325450367
0.000539882401377
-0.000205297576955
0.000511784118475
0.000493397320927
-0.000260294120274
0.000447649265987
-0.000313310629039
-0.00034538853345
0.000351424149188
-0.00115305335961
-0.000463017987138
-0.000508659291975
-0.001289467887
-0.000607471676095
7.271373701e-05
1.874834894e-05
-0.000768861982191
-9.11820070082e-05
0.00058616861573
-0.000201309229913
0.00120996434451
0.00115771198359
-0.000357516392118
0.000328078921004
0.000284221990057
0.000976618555878
0.000208099451247
-0.000555707426256
0.000883375285457
-0.000602798118121
-0.000617973889218
-0.000627213012453
0.000102388824339
0.000105066419194
-0.000619447225801
-0.000605525548637
0.000879030654131
0.000170896825869
0.000199966648606
0.000233406986796
0.00027076473304
0.000311737853285
0.000355808142083
-0.000330380241255
-0.000282398907746
-0.000232890088777
0.00054939936254
0.00059902431132
-8.40317705861e-05
-3.58664615746e-05
-0.000722802147791
0.000786402256896
-0.000637883224958
0.000133131284792
-0.000564861486567
-0.00053374383141
0.000225721021347
0.000248741377788
-0.00119739087362
-0.00045003981074
-0.000439585878689
0.000299505273753
0.000302393720832
0.000301922383244
-0.000434608403595
0.000291328406298
-0.00045070975308
0.000270130343557
0.000989427179234
0.000242026357585
0.000226394806801
0.000210739359389
0.000194919356593
-0.00055306484276
-0.000567567653078
0.000151569635925
0.000139800384995
0.000862220746044
0.000121798132391
0.00011599689217
0.0008451052472
-0.000621453872527
0.000112537969922
0.000115678963631
-0.000611403297624
0.000129117188479
0.000138611220556
0.000149407428666
0.000161536954547
-0.000558362761069
-0.00127807222223
0.000200176383205
0.000212538357883
0.000224168740456
0.000234629903878
0.000243313405787
-0.00121541444728
-0.000478902548418
0.000255034443959
0.000252911875174
0.000247234481954
-0.000495031258086
0.000223751162774
0.000205650016877
0.000183431548453
0.0001572991504
-0.000605087790405
9.36823531944e-05
0.00152104891754
0.00074744040275
-2.89634372947e-05
-7.53414690904e-05
-0.000124212777521
-0.000174710668486
0.000506525617752
-0.00101050777871
-0.000329567267459
-0.00038028264016
0.000302650202919
0.000255222787805
-0.000522308735105
-0.000563937954419
-0.000601687151591
9.7975874231e-05
6.95917883012e-05
0.000779756064696
-0.000702297883398
1.99826201881e-05
1.56561804545e-05
1.78956153248e-05
0.00075942660424
4.26592891164e-05
6.50269057511e-05
9.36084608031e-05
0.000861177788858
-0.00056276418887
0.000216924662505
0.000269388829096
0.00032697215376
-0.00034380444861
-0.000278111130522
-0.000209160046175
-0.000137410720012
-6.38970442731e-05
1.11003194327e-05
0.000819332263823
0.000162097728348
0.00023673497981
0.000310168324809
-0.000351003627019
-0.000282123247008
-0.000216335813333
0.0005782844856
-0.000828928899383
-0.000775104117268
-0.000726158041926
5.10046439015e-05
8.98725146303e-05
0.00012352331758
-0.000580485923118
0.000175136305481
0.000192865068759
0.000205871094755
0.000214161517565
0.00021818849573
0.000217940785139
0.0009469586218
0.00020739324014
0.000197486950556
0.000185282284226
-0.000561759753417
0.000155026656521
-0.000594334133589
-0.00061200652916
-0.000630018100757
8.4462609505e-05
6.67826669839e-05
5.0035141517e-05
3.38927444716e-05
0.00075177258949
5.64183535917e-06
-6.57896683013e-06
-1.68872469188e-05
-2.56527064716e-05
0.00069987783765
-3.86216200302e-05
-4.36552891465e-05
-4.70659821871e-05
-4.9844650564e-05
-5.19208747352e-05
-5.39829867165e-05
-5.59977683225e-05
-5.83465155637e-05
-6.1601232131e-05
-6.65144139611e-05
-7.29096456246e-05
-8.15234436749e-05
0.000640477354462
-0.000838215522446
-0.000122065613434
0.000590826268026
-0.00016516494141
0.000540979485313
-0.000954841453616
0.000475950039053
-0.000295079604936
0.00112796372193
0.00034975103807
-0.000431707183558
-0.000484502050961
0.000192792810544
0.000135121941236
7.51479435692e-05
-0.000718715266046
-4.85459170283e-05
-0.000844452792926
-0.000175428182115
0.000494258173765
-0.000300046564709
0.000372523584734
0.000314725809458
-0.000472888522563
-0.000524725322777
0.000159940212416
0.000848797257919
7.72601680383e-05
4.37596589493e-05
-0.000716745383702
-5.76294208168e-06
-2.14621431905e-05
-3.107174637e-05
-3.4101863377e-05
-3.1272214708e-05
0.00144351800173
0.00072674069925
1.60208452158e-05
4.38965884464e-05
0.000809704356739
-0.000617337470432
0.000158553379954
0.000205529760286
-0.000476364820223
0.000310528621275
-0.000365149124638
-0.000306340708817
-0.000245885030609
-0.000184764282104
-0.000123602852267
-0.000795247755454
-2.42710614696e-06
-0.000676479659693
0.000112883991441
-0.000565822016739
0.000950932453535
0.00026635663529
0.000310742179159
-0.00111419719526
-0.000345642207246
0.000418790580868
0.000446426800666
-0.000262784430097
-0.000244211139448
0.000502759526758
-0.000219956073153
0.00051843986201
0.000520705211444
-0.000213854545289
-0.000218987752771
0.000505446117249
0.000494765630772
0.000481757399762
0.000466589654186
0.000449810153051
-0.000300995459184
0.000412756783196
-0.00107162793326
0.000374437792439
-0.00111036042034
-0.000396737672183
-0.000415236172057
-0.000432663652515
-0.000449025960131
0.000268415222906
0.000254510214901
0.000241913959397
0.000231003402929
0.000220796420538
-0.000520642622319
0.000204225997059
0.000197432522163
0.000191215977253
0.000185732241086
-0.000552043307242
0.000175479942878
0.000170229831724
0.000164563659304
0.000158426508423
0.000151373598981
-0.00058946152638
0.000133350490796
0.00012178717209
0.00010864165826
9.3578032423e-05
0.000809296073482
5.7330858646e-05
3.58361422067e-05
-0.00145299560763
-1.30775146945e-05
-4.06843818838e-05
-6.98787727478e-05
-0.000101036894058
0.00133204320562
0.000566044248707
-0.000200521447298
-0.000234721121329
0.0011960525553
-0.000303257915843
-0.00106917094062
-0.000368646525539
-0.000399268012229
-0.00042778684632
0.000278648158927
-0.000476810270036
-0.00122910562652
-0.000512457525777
0.000208098689847
0.000933281494492
-0.000534276607697
0.000200739926489
0.000940887049304
0.000221276831752
0.000971870653884
-0.000469979890733
0.000291341233404
-0.000407129133139
-0.000367898511791
0.00114125010315
0.000457180053141
0.000510003670203
-0.000165868764043
0.000626794885222
-4.2348114317e-05
-0.000708970219422
-0.000641165142661
0.000160892790829
-0.000501560296959
0.000301710692429
-0.000360677967506
0.000441532430953
-0.000223044884771
-0.000156945144515
-9.32473907882e-05
-0.000765039393014
-0.000707193106648
7.89472199647e-05
0.000128934180106
0.000174152880851
0.000214950123309
-0.000481470262826
0.00101478219493
0.000307811143553
-0.000403971011877
0.00107696314849
-0.000376986541815
-0.000370596234744
-0.000368497061309
0.00109423770704
-0.000377170981698
-0.000386713218159
0.000333170036549
-0.000414960083141
-0.0004326775457
0.000279859416888
0.00025822425348
0.000235460292417
0.000212538844943
0.000188895264317
0.000165435289694
-0.000590693361046
-0.000613233138133
9.75182936432e-05
7.69256708575e-05
0.000789994767662
3.90348387744e-05
2.27045193399e-05
-0.000724949521437
-0.000738769091346
-1.86626925847e-05
0.0007030025713
-0.000772895378224
0.000682813937433
-5.85738023805e-05
-6.72956650484e-05
-7.58875135008e-05
0.000647568134069
-9.49050557698e-05
0.000626798536059
-0.000117729171305
-0.000131550280103
-0.000147747789777
0.000566763793403
-0.000186652170249
0.000522609409242
-0.000969029219705
-0.000265459332483
-0.000297730394595
0.000399541239126
0.000360616461273
0.00031931325116
0.00100803052724
-0.000503801475222
0.000179744450706
-0.000603868559246
7.63703864387e-05
2.28603841612e-05
-0.000763761943549
-8.55312024965e-05
-0.000139577138534
-0.000193123551669
-0.000244848625125
-0.00029439400534
-0.000341760796537
-0.000385664847451
0.000306446829931
0.000270019407039
-0.000494321084466
-0.000521873848396
0.000189039133775
0.000172560117416
0.000894699600731
0.000157632558356
0.000891726304805
0.000166958830002
0.000180945920915
0.000200992610557
-0.000505336208708
0.000259139509062
0.000296098071919
0.000337769032671
0.000384090870731
0.000434399325923
-0.00024462392226
-0.00018795834534
-0.000129207740483
-6.8973625035e-05
-7.49642087724e-06
5.47378662552e-05
-0.000616091969206
-0.000555201443683
0.000236428309745
0.000293573473308
-0.000384308152844
-0.000332873918078
-0.000284811174147
-0.000240695294164
-0.000201042927808
-0.000165777748848
-0.000868486351998
0.000622069331377
-9.01902707858e-05
0.000657945535138
-6.44520182213e-05
0.000674135985531
-5.72956958405e-05
-0.000793493807876
-6.84045478474e-05
-7.91517399727e-05
0.000638549073372
-0.000112001710251
0.000600233205388
0.000577516297336
0.000553280450611
-0.00020463288196
-0.000230937861177
-0.000257658063175
0.0004482240786
0.000421913571649
-0.00106863353605
-0.00036081207613
-0.00038386541022
-0.000405142733518
0.000307581347577
0.000290127996407
0.000274201147616
-0.000472426686003
0.000247851535062
0.000237119045273
0.000228789564926
0.000221730800166
0.000215714093986
0.000943087464711
-0.000526322804438
-0.000530357671739
0.000198024326469
-0.000539338821046
0.000188220754315
-0.000550636732191
0.000174925579808
0.000165653276898
-0.000577614699764
0.000141576443455
0.000858369170253
0.000107379830947
-0.000646314135811
6.24152385301e-05
-0.000697741455117
5.76163175759e-06
0.000706445514221
-0.000792992622316
-0.000829874391466
0.000597003527736
0.000556766569578
0.00124757488616
-0.00026021355491
-0.000303492860114
-0.000346855823078
0.000342800689652
0.000300988848383
0.000260466073416
-0.000510693541205
0.000186055664876
-0.000579760431303
0.000123160308777
9.76566135524e-05
0.000809377674335
-0.000672094865035
4.94325953018e-05
-0.000688790039249
4.42606066589e-05
-0.000682444218292
6.20159468055e-05
-0.000652724952148
0.000104121650081
0.000866699170633
0.000169656072848
0.000210777867058
0.000256980817761
0.000308281970372
-0.000368319548645
0.00115718663315
0.000488263865896
-0.000177416419465
-0.000108158223879
-3.69765957167e-05
3.53535403748e-05
0.000108795158026
0.000181990770388
-0.00121031008463
-0.000406027510378
0.000396795920295
-0.000268149330389
-0.000202777232214
-0.000140736663946
-8.20800307408e-05
-2.77546912323e-05
2.24668340826e-05
6.81404320417e-05
0.000841860243194
-0.000587139717976
-0.000555912541247
0.00020291522503
0.000223772573066
0.000240071242493
0.000251368006328
-0.000474396943618
-0.000471963990633
0.000258728260624
-0.000479830814896
0.000975945604233
0.000231106489393
-0.000516730330358
0.000930831310682
-0.000554267049213
0.000156811271548
-0.000598408942108
-0.000621745896217
0.000819350883516
6.23279575244e-05
3.79274306844e-05
1.39926422108e-05
-9.08198960277e-06
0.00070091974885
-5.33153885679e-05
0.000658021810727
0.000637741203265
-0.000846561976932
-0.000864682807764
-0.000149279430779
-0.000165632183095
-0.000181070911782
-0.000195936720627
0.000522562549939
-0.000224356974231
-0.000238874239919
0.00121160803791
0.000463834427918
-0.00101718887956
-0.000301056616659
-0.000318793597004
0.000394814604548
0.000374588275172
-0.000379785774539
0.000329212759403
-0.000428574684111
0.000276869723311
0.000247910079642
-0.000515246854458
0.000185094377132
0.000150839035976
0.000115507148746
-0.000654057510377
0.00077354003652
2.14430080533e-06
-3.67908609222e-05
0.000656283203024
-0.000115788904132
-0.000887455256156
0.000539475953481
-0.000229924449018
-0.000265620813733
0.000433477298742
-0.000330322568218
-0.000359254953004
-0.000385458452635
-0.00114146878877
-0.000429020550649
0.000287075174814
0.000274380337481
0.000997300183818
0.00025940004085
0.000257633333155
0.000992578481363
-0.00046623596992
-0.000456201021932
0.000290500972879
0.000307720423578
0.00106104434582
-0.000380197863825
-0.000353428188805
0.000408097526849
0.000439243177466
-0.000260123380086
-0.000225696656152
-0.000190077999332
0.000579367576457
-0.000116278343114
-7.89545595021e-05
-0.00150718206331
-5.23829887272e-06
-0.00143427536061
6.57480807907e-05
9.95234273069e-05
0.000132092018418
-0.000569693175772
-0.000540763969632
0.00388220451126
-0.000488174928751
0.000268013624061
-0.000442503177479
0.000309802199242
-0.000404710645385
-0.000388278410755
-0.000373354888143
0.000372996067897
-0.000347303139274
-0.000336118627032
-0.000325902740489
0.000416129228351
-0.000307678185519
-0.000299182930318
-0.000291263303727
0.000448993616809
0.000456280951373
0.000463644282551
-0.00026166622498
0.000478377491696
0.000485353323939
0.000492189594669
-0.000966414280062
-0.000227352040704
-0.000221399138146
0.000516315416504
-0.000944637743305
0.000523791207613
0.000526115484072
0.000526914794351
0.000525740686947
-0.000209894575021
-0.000215396643583
-0.000223437533613
-0.000966478839192
-0.000247454021648
-0.000264393460577
-0.000284663871516
0.000424226401732
-0.000335451397798
0.000366325920417
0.000332113118174
0.000293807414198
-0.000480168299659
0.000940776523916
0.000160269849143
0.000109749692196
5.67152891594e-05
1.51699747074e-06
-5.56276701302e-05
-0.000113734970867
-0.000173084531037
-0.000232586997037
-0.000292113402599
0.000381643008152
0.000324039605103
-0.00046434403537
-0.000517557787013
-0.000567686206209
-0.000614772491671
-0.000657936600683
0.000768712942894
0.000734807530769
-0.000758685713142
-4.89267895352e-05
-6.60765048835e-05
0.000656066858913
0.000651163921636
0.000652882631719
-7.15317307841e-05
-5.70742318635e-05
-3.54926124802e-05
0.000724372305639
2.5050477555e-05
-0.000668514762235
-0.000623871154415
-0.000574192702445
0.000945123323757
0.00100353452177
0.000332953031553
-0.000334957182813
0.000464802272641
0.000534013652086
-0.000128099800737
-5.69242366335e-05
-0.00145053277123
-0.00064702270813
0.000155053506184
0.000223095509652
0.000289397111525
0.000352754409581
-0.000319717901804
-0.000262833265785
-0.000209711448243
-0.000160438161879
-0.000115243154133
-7.50469599425e-05
-0.000771628064243
-7.96449589043e-06
1.88635111862e-05
-0.00069164302235
-0.000673988063228
7.19786312099e-05
8.12538358693e-05
0.000819463515036
8.86527455089e-05
0.000820120236192
8.30199559321e-05
0.000808494481767
6.64761448733e-05
0.000787575409891
0.000774299274637
2.77417265126e-05
0.000745137155939
-3.26024200259e-06
-0.000751742436967
-3.50237837251e-05
-0.000783501423732
-6.63412974129e-05
-8.13992812053e-05
-9.5387632096e-05
-0.000841181331183
0.000611895724062
-0.000864415609498
0.000590341188111
-0.000152170748158
-0.000161057340975
0.000562944155726
-0.000910444982944
-0.000185952618503
-0.000194218823426
-0.000935114227021
-0.000944446961747
0.000510481779938
0.000498994791768
0.000486247022113
0.00047159383808
0.000455152950221
-0.000296272995779
0.000415170662638
0.000391323719129
0.000365025367553
0.00033560044527
-0.000429030349272
0.000268412834512
0.000230901654834
0.000190963331871
0.000148540409692
0.000103446708224
5.62924495754e-05
8.5378012538e-06
-4.15681556815e-05
-0.000825219524589
-0.000144571181125
-0.000929261187682
0.000484004479914
0.000432452839287
0.000382157041501
-0.000399179099065
-0.00044602466353
-0.000490501566531
0.000200848485359
0.000163263634393
-0.000603201059165
-0.000632753680003
7.47912336018e-05
5.49303985062e-05
4.05432892212e-05
3.1649508482e-05
2.80372805837e-05
3.03830338101e-05
0.000771340026203
5.2865946359e-05
7.19605879035e-05
-0.000635608498808
0.000860199533836
0.000163298224709
0.000936045427703
0.000248567905961
-0.000434879216542
0.00035028974345
-0.000326652528287
0.000464189693265
-0.000208356386624
-0.000146647408205
-8.44272671162e-05
-2.15142175783e-05
4.06289098968e-05
0.000102400883569
-0.000569531934366
0.000221954276658
-0.000453873592901
0.000332451719271
-0.000349328082997
-0.00103473690808
0.000474499582446
-0.000218443449668
-0.000182775619753
-0.000151617940503
0.000607928570746
-0.000834973231142
0.000648159518021
0.000661399196627
-6.17717151588e-05
-5.6537282528e-05
0.000677879933021
0.000675951586108
-6.18779513732e-05
-0.000802905077844
-8.14052920134e-05
-9.48834414893e-05
-0.000110405457432
-0.000127255418802
-0.000145475856811
-0.00016516413288
-0.000185490406148
-0.000938984405409
0.000505387183991
0.00048439716341
-0.000269368235977
0.000442036171514
-0.00104399786753
0.00040028382422
0.000380178144676
0.000360099492694
-0.000392828179099
0.000319671071294
0.000299444294999
0.000279336768685
0.00025881406902
0.000237657357683
0.000215265569682
0.000192000603612
0.000167479070957
0.000141481194092
-0.00135159164196
8.35548268711e-05
0.000784295687221
1.79417305243e-05
-1.77486143026e-05
0.000676998235362
-9.56299517002e-05
-0.000137942775268
-0.000182260696043
-0.000228597361824
-0.00100897418266
0.000407108614585
-0.000375692448693
0.000305823274861
-0.000478009188412
0.000203500548174
-0.000579815539055
0.000103144790813
5.52625258224e-05
-0.000723294246062
-0.000766212523346
-0.000806151653417
-0.000109621383972
-0.00014190002061
0.000563264034253
0.000540885001709
0.000524133221251
-0.000219441868365
0.000507892661254
0.00050910364561
0.000516759957039
-0.000201875973368
0.000551413712038
0.000578198783249
0.000611708672706
-8.12398449429e-05
0.000696905746467
1.49964698455e-05
7.12222263403e-05
0.00013176308815
0.000929456566368
0.000265359211749
-0.000395742834845
-0.00105464507926
-0.000246616061662
-0.000170004103521
-0.000825496680812
-0.000749133016155
-0.000673820635165
0.000132614870162
-0.000528257771439
-0.000459401253034
-0.00112658186506
-0.000332472222184
0.000457071438136
0.00050943416524
-0.000175876073966
-0.000133889854041
0.000635215014484
0.000665742259154
0.000690663142766
-2.23951871534e-05
-8.13199074756e-06
0.00073342131133
0.000737096237115
0.000735804488599
-2.35584834564e-06
-1.18137294697e-05
-2.51634842037e-05
-4.19463613283e-05
-0.000793936842268
-8.28369689905e-05
-0.000838587096627
-0.000130656530467
-0.000156234876653
0.000550317774795
-0.000208933601445
-0.000234629152276
-0.000259418460159
-0.000283386454572
0.000426165281002
0.000404655647588
-0.000347546538643
-0.000365302845209
0.000351451415269
0.000337687246361
-0.000406656920349
-0.000416632099907
0.0010402324554
0.000300693273858
-0.000437836467908
0.000290183504847
0.000286101155901
-0.000450182727899
-0.000453760518906
0.000274833486938
0.000270614265015
-0.000467654451631
0.000258674689242
-0.000481883759191
0.000241021997963
-0.00050344789421
0.00168036318666
0.000198999881741
0.000180589143907
-0.000573334338108
-0.000597001824668
0.000841676467662
8.04861197855e-05
4.9245799684e-05
-0.000716551725123
-1.90299845494e-05
-0.000788508913226
-9.3888344596e-05
-0.000865452099868
-0.000172190001294
-0.000212269602193
0.00121350845917
-0.000290242151446
0.000404618208557
-0.000363950605955
0.000334934071486
-0.000429080318055
0.000274860309981
0.000249307981338
0.00022761545193
0.000209940687111
0.000196577355593
0.000187774431364
0.000183732323963
0.000184775519403
0.000190271623833
-0.000531423478641
-0.000515307100053
0.000238562808019
0.000264262664522
-0.000438001787963
0.00106194408083
-0.000364274264853
-0.000321674784384
0.000457127913557
-0.000226327437068
-0.000174665309491
-0.000120950829828
-6.56812792516e-05
-0.000741976807892
4.74694351829e-05
0.00010395909587
0.000160335628494
-0.000516730434821
0.000269725450402
0.000321218060455
0.000370672439549
0.000417357383216
-0.000271697403049
-0.000231614519686
-0.000195080519896
-0.000162872596586
-0.000134616291705
0.000621799259623
-9.11513053936e-05
-7.64097775726e-05
-6.52369931819e-05
-5.88541518603e-05
-5.61953639866e-05
-5.76675242812e-05
-6.26954991807e-05
-7.14171843664e-05
-8.30176580333e-05
0.000634849340947
-0.000115334393162
-0.000135418207446
-0.000157302973622
0.000551779306677
0.000526963716895
-0.00023105420411
-0.000257301522634
-0.000283902841252
0.000421994719705
0.000395763057739
-0.000362944472257
-0.000388367015571
-0.000413548547022
0.000294966509168
-0.000461136543718
-0.00048363431783
-0.00050554234469
0.000206074017418
0.000185543383774
0.000165541684063
0.000146109823265
0.00012708769813
0.000107746434821
0.00155329147407
6.80336590336e-05
4.76064590766e-05
-0.000706185932583
4.10147780609e-06
-1.95246397325e-05
0.000688380802044
-7.03067379078e-05
-9.78544915159e-05
-0.000127127400755
-0.000158145597759
-0.000190514407786
-0.000224152117051
-0.000259133302776
-0.000295333750812
-0.000332762029238
0.000361815714973
0.00105588420371
0.000284707991614
-0.000486551870805
-0.000524918716528
0.000170394656879
0.000867013200981
0.00010014066027
-0.000664775673627
-0.000694523860467
0.000743923416874
-0.000744858948536
-3.16994742062e-05
-0.000779862229522
-5.85770639558e-05
-0.000797630453307
-0.000799146310195
0.00140263868691
-5.36016483229e-05
-0.000771983682719
-0.000752689084707
0.000737197362091
0.00149954203309
0.000801562474216
0.000840633331244
0.000884011385822
0.000198743298545
-0.000482957113397
0.00030364679009
-0.000372399388449
-0.000313408322895
-0.000253098903089
-0.00019241990686
-0.000130832018674
0.000663117595201
-9.17398435493e-06
4.97325476062e-05
-0.000626075564541
0.000894073784149
-0.000519696117795
-0.000471219334519
-0.000426841521239
0.000346114063793
0.000382338675937
-0.000318005442895
-0.00102338638212
-0.000268498522817
-0.000251189714624
0.000493976294381
-0.000230331319491
0.000505927446646
-0.00095973050213
0.000501168227781
0.000492716366773
-0.000251925671762
-0.000266976870722
-0.000284832213215
0.000427896522819
0.000406227876569
-0.000349033885878
0.00035959119846
-0.000397394089623
-0.000422346376076
0.000285646621102
0.000261479068655
0.000238381423931
0.00021602802707
0.000194971459079
0.000174969777241
0.00015647977032
0.00013916205089
-0.000609232428437
0.00157408131933
-0.000637089862348
8.29976509492e-05
-0.00066113688994
6.07265527147e-05
0.00078295129336
-0.000692748140927
2.9575524515e-05
0.000751242229022
7.08406970172e-06
-0.000738310100864
-1.97856415331e-05
-3.56024825226e-05
-5.2986493454e-05
-7.23099252987e-05
-9.40818285081e-05
0.00134739625462
-0.000143746692269
-0.000904460056509
-0.000202272185863
-0.000234697588243
-0.000268938953688
0.000428184170978
-0.000341458833703
-0.000379552475011
-0.000418193614012
0.000275069862597
-0.000496765953006
0.000197188970476
-0.000572829923674
0.000856330669249
-0.000642750218659
0.000790729341701
2.972618224e-05
4.55304509318e-06
-1.67819607852e-05
-3.37188326567e-05
-0.000778900576251
-5.38379029086e-05
-5.63000078062e-05
0.00067892707741
-4.56955482815e-05
0.000700662937113
0.00071959827545
1.12305611703e-05
0.000773023909285
0.000807273780639
0.000112958378944
-0.000576702638645
0.000203075219346
-0.000479376646325
0.000306241421239
-0.000371049402186
0.000418808904995
-0.000255587195831
-0.000197017314807
-0.000138323864273
-7.99339759639e-05
-2.29899914327e-05
-0.000700648387364
-0.000648029630952
0.000134546711595
0.000181038328303
-0.000508539774164
-0.000469686484848
-0.000434959151979
-0.000404968668957
0.000352941522029
-0.000359290579958
0.000389328381124
-0.000332154190036
0.000407165897117
0.000409441933951
0.000407514856552
0.000401668353627
0.000392231488935
-0.000353036802638
0.000363912602757
0.000345523511946
0.000325615819819
-0.000427971775252
-0.000450326108439
0.000259341050963
0.000236035338706
0.000213155712661
0.000191261613096
0.000169928048728
0.000149788599952
0.000131232678604
0.000846893073784
-0.00136632427239
8.51309574137e-05
7.32125750304e-05
6.32757795437e-05
5.46767126038e-05
-0.000684787607917
-0.000689525491343
-0.000693688594976
3.55782079984e-05
-0.000699710241991
3.0557065606e-05
2.82280787266e-05
2.53328897e-05
2.11121871486e-05
0.000748540737382
0.000741614852531
-4.12625621894e-07
-1.20782816031e-05
-2.6655120733e-05
-4.42167636847e-05
0.00140025021336
-8.90595619379e-05
-0.000116768004112
-0.00014738501202
-0.000182012005428
0.00124522306106
-0.000993812142741
0.000427552499242
-0.000352031176431
0.00033116151171
0.00101229700702
-0.000505820838366
-0.000559849437496
-0.000614689343683
6.26190434323e-05
8.00376318984e-06
-4.551247371e-05
-9.69600033768e-05
-0.000146492475205
-0.000925387116315
-0.00243384533362
-0.000274927560531
-0.000309527795488
0.000393428870475
0.000369120206406
0.000350691440564
0.000338088124696
0.000331937936117
0.000332011311038
0.000338774589364
0.00108448203583
0.00110403859256
0.000397337389347
-0.000303192238365
0.00046757310745
-0.000221337057102
0.000560110497988
-0.000118977335991
0.000671325121383
-1.45790227921e-07
6.38492898149e-05
0.000130677963278
0.000199132505844
-0.000463888904757
-0.000393821028186
-0.000323919704929
-0.000254602086336
-0.000187052274561
-0.000853735791079
-0.00152277032106
2.43549129655e-06
-0.000673851947625
0.000111737403809
-0.000572499967246
-0.000528451366291
0.000243465143203
0.000277874675949
0.000307685680906
0.000332118937985
0.00035136312191
0.00109849505279
0.00110827094758
-0.00035154037419
0.000381998737273
-0.000353668363914
-0.00109301873645
0.00036195286913
0.000348975794969
0.000333463466454
0.000315992241855
0.000296236827382
-0.000456697098039
0.000986689638086
-0.000500379943023
0.000209768766838
0.000187383356279
-0.000567084414126
0.000143878323316
-0.0006094156296
0.000103425367423
8.48798988435e-05
6.74407549308e-05
-0.0014139187786
3.60489770778e-05
2.20130064879e-05
8.50818013655e-06
-0.000736650050959
0.0014495781787
0.000705345744327
-0.000771398707598
-5.02903916195e-05
-6.23957830838e-05
-7.51713109313e-05
-8.87012634649e-05
-0.000103437633801
0.000612810007949
-0.000137653000264
-0.000890180135296
-0.00017952395382
0.000528790013589
0.000502237373229
-0.000259252797446
0.000442510919154
0.00114179580253
0.000373466507443
-0.000396952294791
-0.000436674633985
0.000254521133039
0.000944486278183
0.000167930931649
0.000123567080212
-0.000654028289045
-0.000699049804024
-0.000743497768198
-0.000787144874528
-0.000829911003653
-0.000870612270325
-0.000176799922709
0.00125231899515
0.000486358360781
-0.00027610392425
0.000429928175513
-0.000325114067053
0.000389303424155
0.000375605919282
-0.00036602374126
0.000362372259764
-0.000369562467949
-0.00109658695748
0.000379093064138
-0.000338065236546
0.00114685716085
0.000438565636114
0.000467096407289
0.00123215993635
0.000535773968079
-0.000157785424776
0.000616847577309
-7.1563643989e-05
-0.000758032920712
2.21939778639e-05
7.0994805964e-05
-0.000612283828921
0.000902319062965
-0.000513921208476
-0.00119821283747
-0.000418552533864
-0.00037336564815
-0.00033023632739
-0.00028949777481
-0.000251444109058
-0.000215934944306
0.000548680000118
-0.000888020830756
0.000602482056927
0.000624270086928
-8.98558484344e-05
-7.52301537484e-05
-6.36728837341e-05
-5.56337169261e-05
-5.07786934621e-05
-4.85450250035e-05
-4.9680660674e-05
-5.35880170444e-05
0.000672961296492
0.000665184641734
0.000655580859073
-8.85438586216e-05
0.000631476763184
-0.000114901112426
-0.000129595616576
-0.000144836194233
0.000572584175945
-0.000175469180775
-0.00019042503828
-0.000937905482637
0.000513364996367
-0.000233304868178
-0.000246484815176
-0.000259334519662
-0.000271844095498
-0.000283482675429
0.000437914389185
0.00042701127491
-0.000316530082871
-0.000327082617959
-0.000338159880023
-0.000349360411116
-0.00036123459907
0.000359019322092
0.000345630376119
0.00106381858198
-0.00041683827889
0.000298963640445
-0.000452148712263
0.000260327567429
0.000238309221905
0.00021490419646
-0.000543086960057
-0.000570607356737
0.000865185174207
0.000834698207789
-0.000662685497333
0.000769402012944
2.15433391662e-06
-3.37333588738e-05
-6.96501534385e-05
-0.0001058642037
-0.000142048264383
-0.000177852234978
-0.000212907481886
-0.000246811232447
-0.00101176103321
0.000422854710974
-0.000337870530851
-0.000363491507957
0.000346343103377
0.000327163669771
-0.000420506261567
-0.000431902591992
0.00102623776319
-0.000441691086287
0.000293104995888
-0.000432285670748
0.000312454819857
0.00032950806391
-0.00038130578337
0.00111037345534
-0.000323291506865
0.000445033604281
-0.000247176650235
0.00052968475047
-0.000887902201607
0.000628495065397
-4.99753892785e-05
0.00073952078816
0.000798506788102
-0.000606120725654
0.000188762317773
-0.000481467300475
-0.000418952356197
-0.000356988975775
0.000436771588514
-0.00096838862856
-0.000177628381098
-0.000121417336637
-0.000800131937954
-1.7011427075e-05
3.05511240009e-05
0.000807327768968
0.000115507405081
0.000152584279383
-0.000546961684918
0.000215189874701
0.000240850588025
0.000262490207128
0.000280349450609
0.000294184086501
0.000304931875386
0.000312795017749
-0.000415352716831
-0.000413839397502
0.000317616368023
-0.000418336601906
-0.000423564106839
0.00103502988613
-0.000438096775313
-0.000447169208859
-0.000456723734596
0.00026650830412
-0.000475983677175
0.000246625496456
-0.000495363833678
0.0002280624742
0.00021956581367
0.000211654301078
0.000203993133622
0.000197156013457
0.00019091144159
0.000184971569732
0.000179627012297
-0.000557866928586
0.000170324983547
0.000165456435514
0.000160474316371
-0.00057745733526
0.000148875862142
-0.00059122172529
0.000132821232098
0.00085500825656
0.000110261703496
9.63901424822e-05
8.04366734738e-05
6.18854937231e-05
4.17485932723e-05
1.84581135405e-05
-7.28894629259e-06
-3.53003769059e-05
-6.56934096342e-05
-9.83629553823e-05
-0.000133157113298
-0.000169701731074
-0.00020795253034
0.000484651539021
-0.000289013697032
-0.000330404214014
0.000360696743586
-0.000413512476924
-0.000454588159913
-0.000494857061074
0.000198780128023
-0.000570654608551
0.000127545973289
0.000828622161733
6.77962875551e-05
-0.000689102902673
-0.000709085805071
0.000740424707417
-3.49010733841e-06
0.000723040052114
0.000722019871587
-0.000738482034808
3.91833045303e-06
0.000752365444417
4.06602668808e-05
0.000799512355766
-0.0013669097647
0.000867634233653
-0.000556557129988
0.000221427662293
0.00100338239344
0.000323664465303
0.000379635203825
-0.000294400600836
-0.00023373038074
-0.000904137426956
-0.000108374406759
-4.50070795708e-05
1.85623556964e-05
8.1033914046e-05
0.000142814696163
0.000202816814839
-0.000471862243929
-0.000417207475941
-0.000365668069745
-0.000317608358863
0.000459440317037
-0.000965400068847
-0.000196691201428
0.000567385534717
0.00059447238018
-0.000115459015101
-9.75207413301e-05
-0.00081707047616
-7.54275536177e-05
0.00139457634194
-6.99328246454e-05
-7.27252499384e-05
-7.96874957252e-05
-8.99454774017e-05
-0.000103018720338
0.000613820276627
0.000595676754311
-0.000157321384089
-0.000179065348676
-0.000202228656732
-0.000226891100588
0.000480775218495
-0.00101016294267
0.000428776447883
0.000402310726746
0.00110899522017
-0.000382603718627
0.0003240015995
-0.0011671601505
-0.000460043419803
0.00024733484391
0.000222299240881
-0.000535028731571
0.000172525963854
-0.000584690333734
0.000122671834021
0.00156242089379
-0.000661649888679
0.000776932728895
1.64102734193e-05
-1.23657573027e-05
-0.000774930970074
-0.000806585947382
0.000625903960956
-0.000873760020179
0.00055524570229
0.000517630617814
-0.000253975261604
0.000437564813995
-0.000337338005059
-0.000380720818021
0.00103980420129
-0.000470831357934
0.000215701297682
0.000169264355334
0.000122420710392
7.605588489e-05
-0.000702299554844
-1.46225577973e-05
-5.79591250778e-05
-0.00083211491127
0.000593560051789
-0.000175825579773
-0.000942267626192
-0.000240191314593
0.000465324363731
0.000441980377083
0.000423409304644
0.000408727737056
-0.000333904413875
-0.000338546513285
0.000393782579194
0.000398645339877
-0.000324153306306
0.000423005978451
0.000442568335913
-0.000265994092553
-0.000237646401624
-0.000204697216546
-0.000167817435203
0.000605437577811
0.00064892262169
-3.68479844005e-05
1.19609833318e-05
0.000795109566988
-0.000617933796767
-0.000565175186113
0.00022104300006
-0.000457958017003
-0.000404999069528
-0.000353317340612
-0.000302418297436
-0.000253650658347
0.00052614373163
-0.00016175303246
-0.000119994899402
-8.16249370374e-05
0.000686502365637
-0.000746782677417
0.000746861625712
3.91072926999e-05
6.03698658359e-05
7.82442285364e-05
9.26039123485e-05
0.000103385623943
-0.000621667846926
-0.000617147924742
0.00158238587145
0.000116510870659
0.000113737695165
-0.000624043171168
-0.00063089797371
-0.000639124992049
8.41761341369e-05
0.000806881372726
6.40709826163e-05
5.33047286369e-05
4.26367268157e-05
3.28841605854e-05
2.33212143659e-05
-0.000718292197995
6.21115420169e-06
0.000732139632881
0.000726606146058
0.000722455065212
-0.000745683942495
0.000717438367678
-0.000748535751424
-1.5394157884e-05
-1.42193084505e-05
-0.000744385360135
-0.000741781725716
-5.27033457328e-06
-1.36448973784e-06
3.08591775816e-06
