8.49209179899e-09
0.00195653486742
-0.00482608673119
-0.182592913312
-0.520956123665
-0.557793326187
-0.181975030167
-0.109563366322
0.192514292809
0.299254304766
0.24735892425
0.224421764501
0.152366963357
0.117124149726
0.0364111622682
0.00275771509481
-0.0875048432715
-0.118532445516
-0.161772547004
-0.127873963106
-0.10125255659
0.0242761368996
0.322389413939
0.426953276955
0.183835681736
-0.245601591508
-0.278100992564
-0.245341280648
-0.256351375933
-0.195744830753
-0.00839716371931
0.132258506654
0.146842906077
0.112390242315
0.0606348855241
0.060866591662
0.0567886668731
0.0652133933153
0.0499190001306
0.0317746563186
-0.00899684515273
-0.033504086419
-0.0438752973998
-0.0353299425803
-0.0264213414357
-0.0191762549993
-0.0229658446906
-0.0337712648209
-0.0408156869161
-0.0369942786295
-0.0201616289646
0.00644691251689
0.0338261492716
0.0482041092599
0.0464551457555
0.0318806031546
0.0120137883213
-0.00605230944142
-0.0131946497623
-0.0118841941126
-0.00586372806343
0.00106468006717
0.00513885799832
0.00521796799043
0.00212516054293
-0.00308328066522
-0.00803844333032
-0.0100381599991
-0.00889209461706
-0.00664883303218
-0.00473206749796
-0.00599228347342
-0.00812909518746
-0.00900431397088
-0.0054631693513
0.00287712101189
0.0136780528344
0.0215322116724
0.0221499098342
0.0157782426045
0.00306900602262
-0.0105883956864
-0.021819712169
-0.0280431587766
-0.0272851893333
-0.0179815880132
-0.000864511922498
0.020207514457
0.0389579402698
0.0484858108344
0.0464875718668
0.0351323172084
0.0198553291052
0.00482722181728
-0.00643289619978
-0.0165835129958
-0.0260035622077
-0.0389832745202
-0.0537128411491
-0.0712202885022
-0.0863340619206
-0.100085990749
-0.104900811438
-0.0950297281051
-0.0541447061596
0.0269741961992
0.15156338673
0.279134806299
0.351095128987
0.368583617514
0.252927369138
0.0381055267952
-0.187645543214
-0.329989188332
-0.329736681284
-0.307229666343
-0.266463837952
-0.144846834876
-0.0131465243825
0.0820028947966
0.133890927306
0.146610505177
0.135678249236
0.110837826453
0.0835019379289
0.0580110549848
0.0375031525208
0.0202954923295
0.00498252782411
-0.00902917482851
-0.0205445059159
-0.0304956039072
-0.0373942513398
-0.0412725197389
-0.0416400333118
-0.0377825372433
-0.0303437244616
-0.0200002193476
-0.00950552999883
-0.000419595195554
0.00633032887839
0.011326404605
0.0163918818136
0.0216801767922
0.0261717990683
0.0283363281812
0.0256214665672
0.0171724651792
0.00430449132844
-0.0110480985537
-0.0247167640734
-0.0328535404157
-0.0333240678758
-0.0256643199202
-0.0120584429407
0.00368565636102
0.0169710533179
0.0246034259583
0.0256594223014
0.0212239390042
0.0147347596689
0.00816778809592
0.00280419264642
-0.00125945648463
-0.00602475452924
-0.0126536560328
-0.0202838004015
-0.0269835879341
-0.0297698853678
-0.0258623204891
-0.0152043506539
0.000399209173739
0.0169831227098
0.0299401401355
0.0358991428949
0.0338321803412
0.0250424885064
0.0128365155029
0.00127843665114
-0.0079753419848
-0.0133803449468
-0.0148766319788
-0.0143184357339
-0.0121601743259
-0.00888910535708
-0.00512790191343
-0.00160298800384
0.00159992320677
0.00305919731635
0.00244945781166
0.00017015929318
-0.00373621406025
-0.00811922322553
-0.0118081310791
-0.0141103094807
-0.0142715684833
-0.0113076819841
-0.00548015574712
0.00372024477437
0.0151752296659
0.0273608436938
0.0383368221796
0.0457670781417
0.0465668219374
0.0390621004546
0.0222440005822
-0.00347596059542
-0.0339101551715
-0.063312116026
-0.0836347317494
-0.0879306593006
-0.0725642478172
-0.0398393349012
0.00197935144916
0.0426930462891
0.0717389913297
0.0833315381496
0.0766409531256
0.0556910922491
0.0278506027718
0.00052693259607
-0.0212516380702
-0.0344011192933
-0.0385696022111
-0.0361237774215
-0.0288255190869
-0.019039496634
-0.00949252321896
-0.00142541243321
0.00474955789929
0.00815008091424
0.00914858828767
0.00842154413968
0.00644678040038
0.00423604116408
0.00227029762256
0.000989924246048
0.000301721836401
0.000463931300317
0.00100288188574
0.00151283533866
0.00236551548795
0.00281659259979
0.00273365363329
0.002260696733
0.00139595884723
0.00012588610036
-0.0011574883483
-0.00267097153884
-0.00430756295866
-0.00525313539589
-0.00566941193807
-0.0052757220108
-0.00362265522381
-0.00140520157893
0.00132583172341
0.00417259820406
0.00588727565328
0.0065586215188
0.00613869548256
0.0047895984672
0.00222135367022
-0.000580861636322
-0.00338052220652
-0.00569511314748
-0.00695259721932
-0.00739727079947
-0.00663066619735
-0.00480267312374
-0.00222653620989
0.000725766626809
0.00437780568094
0.00731576479131
0.00947476967522
0.010637133543
0.0102734114438
0.00825665919284
0.00516228602895
0.00143384488364
-0.00256032462961
-0.00553198032701
-0.0082388700382
-0.00943443477879
-0.00970074670766
-0.00913457110846
-0.00790813428734
-0.00625959718553
-0.0043162509775
-0.00217928116534
6.62131287478e-05
0.00171387702287
0.00313097335037
0.00464083813489
0.00575917584804
0.00640390775902
0.00705994806407
0.00700380306781
0.00662689640055
0.00603970772141
0.00481560924938
0.00294064702724
0.000627940424921
-0.00212991818569
-0.00505082081096
-0.0071080528022
-0.00847839426273
-0.00858887124934
-0.00670703287252
-0.00345002504945
0.000471573457509
0.00451218985058
0.00735157708849
0.00817976998194
0.00698069854495
0.00331336823264
-0.00122726073637
-0.00530648418576
-0.0083987452678
-0.00953064975109
-0.00853002847359
-0.00578685506771
-0.00214783419085
0.00191427350143
0.00511229688802
0.00721211458566
0.00841869049294
0.00819233477614
0.00660538252893
0.00435970422422
0.0016572328037
-0.00138061588429
-0.00351305714931
-0.00493432347194
-0.00542013010273
-0.00464435209656
-0.00339406080525
-0.00174513877949
-0.000192529390268
0.00103454986399
0.00198249379733
0.00249643890196
0.00242729181955
0.00194092907104
0.00123912345482
0.000295504084102
-0.000676644484122
-0.00144787099515
-0.00211875566624
-0.00246376488616
-0.0022051260122
-0.00144339158802
-0.000618017684651
0.000782081137316
0.0017905916001
0.00236066388603
0.00256889699373
0.00195874267287
0.000992917540701
1.72719702922e-05
-0.00085407232843
-0.00156853210619
-0.00165145612018
-0.00154433234263
-0.00114266194343
-0.000348276823184
0.000420749717856
0.000960041715489
0.00167669557148
0.00188827199581
0.00166627048811
0.00146946202657
0.00078410270759
-0.000234923706277
-0.000831990170412
-0.00145783742825
-0.00197706671075
-0.00209454087119
-0.00211605659571
-0.00150027021452
-0.00103330899984
-0.000514357396099
0.000216765501395
0.000641671477664
0.000819190724922
0.000804500428046
0.000680012117171
0.000516356030171
0.000230382807878
0.00036785128312
0.0005936647208
0.000829051995616
0.00138876500929
0.00170611905195
0.00174850770522
0.00185640470765
0.00154064688557
0.000915393168566
0.000224557409493
-0.000653161731122
-0.00148066732883
-0.00230284916089
-0.0027876653816
-0.00281495297194
-0.00235344959039
-0.0017875100237
-0.00116202972124
-0.000309000129772
-3.78241612094e-05
8.32254799911e-05
0.000384388076082
0.000167400290429
6.31867476574e-05
0.000204248569414
0.000164627453269
0.000316228571482
0.000921260783414
0.00165388220363
0.00222273068903
0.0029530575803
0.00319302226785
0.00292611035341
0.00247977286118
0.00142801300567
4.56922901256e-07
-0.00117359429303
-0.00246275021455
-0.00368807431928
-0.00421851849036
-0.00425673280784
-0.00383725260021
-0.00281331211069
-0.0016176771983
-0.00029516909802
0.00116003640368
0.00214749259521
0.00289296702549
0.00330226665421
0.00328312456788
0.00276255842935
0.00235027864957
0.00150152592928
0.000369602516631
-0.000491124892497
-0.00139093605113
-0.00199394098628
-0.00238604467102
-0.00227753608716
-0.00211787001572
-0.0015640542911
-0.000787876333441
-0.000171929175028
0.000500214653134
0.000986443042996
0.0012403542018
0.00141475240046
0.00122769932288
0.000972889447809
0.000756727991343
0.000513782180514
9.9496010583e-05
-6.5636167477e-05
-0.000274813976982
-0.000595416785402
-0.000479243170541
-0.000550309060316
-0.000611316903199
-0.000431755318577
-0.00032035950751
-0.000273973182101
-0.000150260669001
-3.06201091662e-06
6.91874576219e-05
0.000243783466923
0.000125988185374
0.000130972074388
0.000177876052298
0.000103247192357
6.43618153917e-05
0.000128999277871
4.70287303775e-05
2.13112771248e-05
0.000210700049136
0.000190165541707
0.000105630268774
0.000235122839252
0.000232976802454
0.000270645889705
0.000478327446535
0.000240894646817
9.55423649883e-06
4.26764802305e-05
-9.88486700687e-05
-0.000406438020476
-0.000486731736745
-0.000486297914749
-0.000739577174275
-0.000701847248277
-0.000780035913181
-0.000901563340464
-0.000604848020977
-0.000376895189134
-0.000119359798206
0.000351363656105
0.000649694644655
0.000738315168066
0.00101349067377
0.000986014975483
0.000769726716033
0.000744811057368
0.000488615426909
0.000207850272413
0.00018669763617
4.51122904641e-05
-4.53435863941e-05
3.78282467886e-07
-9.62811234833e-05
-7.33393662221e-05
-0.000114492427043
-0.000282095582023
-0.000513367927753
-0.000585142153718
-0.000655078176708
-0.000830730989436
-0.000725751181133
-0.000679556098259
-0.000536456457364
-0.000195777349133
3.05562335129e-05
0.000427920864867
0.000634710875715
0.000676506788973
0.000572654995385
0.000673081285168
0.000598863698446
0.000357326652074
0.000294447921048
0.000172031473874
-4.75867415684e-05
-0.000125713756871
-0.000186982210232
-0.000418906350352
-0.000388803657801
-0.00039612918985
-0.000396725696956
-0.000225274246371
6.41703465698e-06
0.000172539183387
0.00018193369673
0.000252206090836
0.000158181134243
9.95980305349e-05
-9.70350875301e-05
-0.000134537890019
-1.76336676259e-05
-0.000122516774634
-0.000229197659486
-6.29167092095e-05
6.73699336576e-06
-0.000132225417882
4.35676828368e-05
0.000255551973031
8.10149988724e-05
0.000237431276778
0.000319883415234
0.000189733289613
0.000351876955527
0.000243610300025
0.000128043824219
0.000172973217161
-0.000165699588617
-0.000310278395447
-0.000308111654509
-0.000410538266847
-0.00046394789577
-0.000312261369878
-0.000221093709074
-0.00032564245273
-0.000149118709006
-0.000119121248417
-0.000163660613111
4.56458318446e-05
0.000166048568906
0.000219310175121
0.000309966383578
0.000456633465412
0.000543330549755
0.000537008258364
0.000416726440042
0.000279009227343
0.000271298523577
9.92674765444e-05
-0.000197256110933
-0.000253430455727
-0.000479123645397
-0.000527154131467
-0.000310875168694
-0.000495090213857
-0.000507656253684
-0.00019833981097
-0.00014032872638
-0.000149724106105
9.93062495293e-05
0.000178244263522
0.000196740858776
0.000390297821315
0.000281714472134
0.000240239360227
0.000349205135267
0.000199349128709
1.85534092882e-05
0.000163127141022
0.000207830076344
7.6867118036e-05
6.40479943017e-05
-5.41661353847e-05
-0.000215020749743
-0.000158585522652
-0.000312598376317
-0.000331865816549
-0.000235504521894
-0.000236938575496
-0.000200771215409
3.5997853503e-05
5.4658435e-05
-8.44844938703e-07
0.000165471075542
0.000157697160683
5.18503660576e-05
0.000158647492055
0.000146798689442
7.326284733e-05
0.000165203945428
3.69335687535e-05
-0.000131696744658
-1.90983504997e-05
3.44366505491e-08
-0.00012818937425
2.80778415901e-05
-5.31185393103e-05
-0.000103227789126
-4.30680896629e-05
-9.73922074304e-05
-3.37970382318e-05
2.97378755192e-05
6.56618532683e-06
1.74155881961e-05
0.000173096013512
0.000199595810974
6.42957416934e-05
4.69109842448e-05
2.20261624073e-05
-0.000102052237891
3.90579867605e-05
-2.40208395744e-05
-8.47176091399e-05
-7.27835557255e-05
-0.000101635011413
2.96737411362e-06
-3.22097284686e-05
4.05973166716e-05
3.30407304308e-05
4.57035838529e-05
-3.32942618309e-05
-7.71553030571e-05
7.02139066268e-05
2.66524053105e-05
-6.70754198165e-05
1.65960904062e-05
1.63853950183e-05
-8.59228342218e-05
-5.09128565769e-05
-0.0001440801525
-0.000116232831343
3.23528881381e-05
1.23007419493e-05
-0.00010907661475
9.23841898534e-05
4.71094855509e-05
3.53044818295e-05
0.000103606898281
0.000152659651991
0.000170557191916
0.000188204349798
0.000183905944157
0.000106786904288
0.000277012664532
5.76136895322e-05
-2.20669201765e-05
-6.54650566326e-05
-0.000244329156379
-0.000292435097976
-0.000206437752683
-0.000237452902218
-0.000377690844903
-0.000173475697222
-0.000177019764757
-0.000279932115501
-2.89507175112e-06
4.01458122278e-05
2.46192644262e-05
0.000211345860381
0.000320278829977
0.000227053404697
0.000284922334126
0.000432381607063
0.000238308561091
0.000264686635896
5.92306399972e-05
-2.03103984177e-06
2.16037578948e-05
-8.20495414117e-05
-0.000186012029261
-0.000253753486475
-0.000282138424111
-0.000317415834261
-4.6587568056e-05
-0.000127124963017
-0.00010891902687
3.43069212713e-05
8.87864942801e-05
-2.51207948427e-05
-7.99595212915e-06
4.16919423406e-05
-1.28875354533e-05
4.81124931885e-05
-3.42452300677e-05
-7.54901366361e-05
-3.3554712188e-05
3.2828902023e-05
-3.30102493885e-05
0.000168446453572
5.40041462798e-05
5.97996485265e-05
0.000124182051527
7.71192204523e-05
6.64087391874e-06
8.99797595331e-05
0.000130033482015
6.48659257309e-05
0.000202547011022
0.000141474157772
-5.04793545648e-05
-5.31045928344e-05
-0.000128595820166
-0.000218507742072
-0.000115108451337
-0.000147080581197
-0.000194484202901
-0.000176194065293
-0.000102173843778
-0.000185755583841
0.000104764704658
6.66666775802e-05
-5.66284214027e-05
0.000150113319994
0.000117561149342
6.55913830337e-05
0.000196334348339
0.000158220212512
-9.80852273858e-05
0.000126491292404
4.46378503416e-05
-0.000144058298971
8.67819038206e-05
-8.58188312802e-05
-0.000180402511184
4.7014349454e-05
-4.09155414773e-05
-0.000144391392175
-4.23269983447e-05
0.000170172260641
3.43513083307e-05
9.16106774983e-05
0.000112939475641
-5.44181141678e-05
0.000139914482836
0.000117927651735
-7.39506730751e-06
6.65659138378e-05
-2.26964858752e-05
-0.000145573762659
-5.32571381302e-05
-0.000127983774017
-0.00016549370736
5.31919227804e-05
-3.64329895286e-05
-0.000169065519335
8.76670677644e-05
-3.18734671619e-05
-0.000140228246081
0.000160296281498
-5.16233808694e-05
-2.13847704689e-05
9.19486609865e-05
0.00010414850925
-5.0389036088e-05
8.2277077791e-05
6.29529062104e-05
-0.00010243152875
6.43028085931e-05
-3.47856529391e-05
-3.39581022421e-05
7.30328545056e-05
3.67313188056e-05
-9.419056455e-05
6.16030760247e-05
1.30294794451e-05
-9.08341616119e-06
0.000118581813188
8.52483601444e-05
1.56096948099e-05
0.000108285485664
6.02148992241e-06
-0.000143174359599
6.33548273805e-07
-7.79459839695e-05
-0.000177716955094
6.31462035637e-07
-3.28990656778e-05
-8.73842009412e-05
-5.68717134595e-06
-3.79936811471e-05
1.99350852363e-05
4.35183947459e-05
9.68102665673e-05
2.81024691913e-05
9.70803576029e-06
5.00713211529e-05
-3.99956963593e-05
6.64718492592e-05
-1.74898696322e-05
-6.62110762644e-05
8.74155779671e-05
6.566293776e-05
-7.51464494504e-05
-1.3989617939e-06
4.66399318404e-05
-0.000111245855841
-1.44312169517e-05
-1.55693779834e-05
-0.0001036252921
-2.86519178674e-05
3.39393300272e-05
4.12179089161e-05
3.01363946641e-05
2.3823373508e-06
9.199766326e-06
7.49032835016e-05
0.000114999033876
-3.9355629239e-05
0.000134438399739
-4.21915345381e-06
-0.000159564001902
-3.51405228943e-07
-3.1250519384e-05
-9.63037370204e-05
1.08060971425e-05
3.66508552126e-06
-0.00013356491581
3.86819629877e-05
4.60035332415e-05
-7.23487530922e-05
4.63752949642e-05
5.0894966219e-05
-1.28977736326e-05
7.91867915737e-05
6.19790213765e-05
3.91643564979e-05
9.33575350859e-06
4.49105642628e-05
7.62290430415e-05
4.61278257702e-05
-5.23391164789e-05
-0.000127918360782
6.13905082464e-05
-7.30612942366e-05
-2.14993138231e-05
9.21937542581e-05
-3.47683650224e-05
-0.000138338774104
-2.98926943905e-05
1.08046902979e-05
-0.000141589843055
2.3452863766e-05
-6.03304187607e-05
-0.000100368749932
9.90037595654e-05
0.000145053078691
7.64288286552e-06
5.97961751945e-05
5.49982333141e-05
7.72133443223e-06
-4.70520916323e-06
1.63068384192e-05
-9.67102726013e-05
1.18694443581e-05
5.27509704978e-05
-5.96159284999e-05
7.8744199484e-05
-0.000110630515564
-6.86729524109e-05
9.24271770862e-06
0.000115303041948
-1.62864346175e-05
0.000124340605506
5.75932997274e-05
-0.000139718433526
-1.5365298078e-05
7.06806190135e-05
7.88884762321e-05
5.06460881581e-05
7.96522758277e-05
-5.91576880815e-06
-9.47486540238e-05
-6.80581765779e-05
-8.48151665509e-05
-9.73831203073e-05
4.61142242896e-05
-0.000101765610418
2.03011227411e-05
-2.71483264267e-05
-0.000124381592117
7.42868576863e-05
-7.02076199042e-05
-7.48147048583e-05
5.52035563348e-05
4.96443803774e-05
-0.000116886538026
9.25400070459e-05
0.000124938415436
3.68307742837e-05
3.15519907895e-05
8.03369313195e-05
4.3495701556e-05
0.000123039802439
0.000136509905335
2.33837422555e-05
7.76004171685e-05
-6.50042734984e-05
-0.000100460704335
-1.75609561545e-05
-3.26051294077e-05
-9.69017783421e-05
9.34796516813e-05
-4.07764471399e-05
-0.000128641117717
-4.44103809175e-05
-2.47810360282e-05
-8.79753120089e-05
0.000102779380978
-2.42501855523e-05
-0.000154730997666
9.15235817079e-05
-6.3281400302e-05
-0.000108089726561
1.91602555384e-05
-3.12009633177e-05
-0.000105858046246
0.000154750415698
7.96071521665e-05
-7.92985863584e-05
6.26023891537e-05
4.33090972423e-05
2.27944023744e-05
7.8763709071e-05
6.16802743928e-05
1.49784652138e-05
5.98236106929e-05
2.97074756026e-05
-0.000106688952114
0.00011795331004
0.000114708092461
3.82287963855e-06
0.000140324618262
-5.85828114254e-05
-9.54373411608e-05
-5.51408400155e-05
-0.000116849241161
-0.000132633199866
-5.77535700901e-05
1.71925093689e-05
-4.99504197114e-05
3.4692051068e-05
-2.54318362834e-05
-9.36725494277e-05
-7.36347666437e-06
1.76341335886e-05
6.17711868057e-05
0.000120279634484
7.1254413449e-05
2.30065049731e-05
8.14291275259e-05
-1.29702500846e-05
-0.000118156075275
2.77167144673e-05
-1.04176609579e-05
-0.000100687780809
6.18089596007e-05
-1.12335431767e-05
-4.86211078633e-05
-6.05428857406e-05
4.00460707427e-05
-3.50101909722e-05
-2.73287140989e-05
0.000114447816833
-1.55329810249e-05
9.30864942306e-05
0.000117084278466
-2.30505461903e-06
7.41767907778e-05
3.14448711495e-05
-0.000129645943851
2.13722588677e-05
-9.95303685764e-05
-8.31424434428e-05
1.01963655565e-05
-6.02727286244e-05
-0.000134611570866
2.8227029103e-05
1.76787253644e-05
-0.000138997530464
9.26368084843e-05
5.51823536054e-05
-5.49469690295e-05
9.91555289863e-05
0.000157282992363
2.72382441536e-05
6.04593946231e-05
8.18835127254e-05
-0.000100917646899
7.14214024936e-05
7.61953164915e-05
-0.000126684579451
1.86790351511e-05
9.2546534603e-07
-2.06218381644e-05
6.63619452777e-05
-6.48145811123e-06
-0.000108612561748
-7.88040070578e-05
-8.19002326315e-05
-0.000112390478259
4.43234548539e-05
8.00751748817e-06
-5.28771235687e-05
-3.32999434673e-05
4.62973921213e-05
-6.15873956487e-05
7.38319308321e-05
5.34560175057e-05
-4.92187977424e-05
4.69951732371e-05
5.79849740451e-05
-1.93992015813e-05
-1.81383130482e-06
3.546963599e-05
-2.95024815487e-05
0.000136236870952
4.49543310449e-05
-4.43927079764e-05
8.22004042666e-05
7.67126633145e-05
-9.65287111906e-05
2.96501862586e-05
6.49784288797e-05
-4.65798460381e-05
4.43711265265e-05
-4.33392969115e-05
-0.000104516128213
-2.79231977574e-05
4.03303039963e-05
-0.000166695380712
4.99459588314e-05
1.03516579594e-05
-0.000111388206978
5.97821995689e-05
2.08617779215e-05
-5.89994921149e-05
-4.34379543257e-05
-2.9577135892e-06
1.92324820738e-05
0.000116692903396
1.76969741922e-05
-6.68910499431e-05
4.9319108695e-05
-1.26275216268e-06
-0.000103500997626
0.000111112355033
-1.22283499063e-05
-0.00011317867936
0.000126043712473
-1.47485235121e-05
-2.24165829708e-05
8.73051040593e-05
4.73969138027e-05
-2.86829660816e-05
1.46515056166e-05
-1.4332343227e-05
-2.55364609957e-06
5.9482891782e-05
1.03547206564e-05
-7.01851041022e-05
3.37114353068e-05
5.44384535942e-06
-0.000116275365862
1.42484232587e-05
-4.57570965845e-05
-6.96391965316e-05
0.00017147395791
-7.59274454754e-05
-0.0001042301535
0.00013858546207
6.61091872484e-05
-0.000118246099077
2.3672666054e-05
0.000127849924922
-0.000148965586926
9.01720016415e-07
4.38030693758e-05
-2.53225270623e-05
-1.29284759832e-05
1.80310026349e-05
-2.40892170266e-05
4.44119754643e-05
2.88187270444e-05
-6.58816441573e-05
8.27090050822e-05
1.33444671479e-05
-0.00011227539047
0.000112489427349
3.74615845181e-05
-0.000108795643728
4.58294265815e-05
8.28893687712e-06
-8.4641386811e-05
2.74781736426e-05
1.44287972558e-05
-0.000110944719021
7.33139277932e-05
4.52300317705e-06
-0.00012799159757
5.82653006957e-05
8.36218433974e-05
-7.90072633036e-06
6.57036727962e-05
1.41235029191e-05
-8.68513032909e-06
-2.79928054166e-05
-1.87885046962e-05
-1.57556467101e-05
7.87187507091e-05
1.04928578232e-05
-5.84772122475e-05
0.000137996931966
-4.44084168032e-05
-5.09986749019e-05
-3.65524145987e-05
-8.04675117128e-06
-4.43731100615e-05
-3.35793729386e-05
3.01405829507e-05
-5.9460305067e-05
0.000111174200221
4.14711347404e-05
-7.75297224818e-05
1.13671765852e-05
7.57289732141e-05
-9.74411739107e-05
-1.73530819953e-05
3.64949632691e-05
-2.59834770781e-05
-2.73351275819e-06
3.16383596079e-05
2.82175663392e-05
4.24262473144e-05
-2.37777332352e-05
-9.75109340146e-05
1.45760857309e-05
-0.000109278433185
-8.00904626594e-05
9.95363917314e-05
5.86319387647e-05
3.32766204162e-05
9.62995640973e-05
1.17860221172e-05
-6.48014924164e-05
5.59771162592e-05
8.70505795214e-05
7.97153176667e-06
2.4517990678e-05
-2.96256799269e-05
-4.59218750326e-05
2.52565207101e-06
-1.87779135048e-05
-8.16645808402e-05
-1.33191559317e-05
6.3117493179e-05
-3.07839647271e-05
-1.56724311273e-05
-6.48398542118e-05
1.04377276757e-05
2.98558104865e-05
-3.56015560531e-05
-0.000105409760869
3.69415731838e-06
8.68617640461e-05
-1.73551829682e-05
7.29816675483e-05
8.96636603868e-06
-9.33667352735e-05
2.30782393455e-05
1.35042429044e-05
-1.24082147772e-05
5.4313412594e-05
2.19349752771e-05
-1.72687148681e-05
9.36788978261e-05
3.0157546329e-05
-4.10824957814e-05
7.93796999696e-05
9.58252008737e-06
-7.15651139346e-06
7.46478639115e-05
-6.83070857488e-05
-0.000178724550251
-0.000117713248691
1.4821294341e-06
-0.000122742046849
3.17454104707e-05
7.38841838764e-05
-9.00446154963e-05
0.00013812645075
0.000111539222158
-2.4045874136e-05
0.000125737406474
0.0001368508876
-2.20384981131e-05
1.79428007162e-05
1.93512778894e-05
-3.21133253408e-05
-0.000125371173104
-5.70116382783e-05
-0.000116029454516
4.25713157397e-05
-6.23947459626e-05
-8.98815592742e-05
6.74962655451e-05
-1.29111720811e-05
-8.39116440194e-05
5.75507012402e-05
9.90704534954e-05
-0.000105914365036
0.000171088810699
8.91283298331e-05
-7.27549471099e-05
6.18931532414e-05
5.1003383553e-05
-8.33335561807e-05
-4.59664292401e-05
4.44226043934e-05
-3.83759319808e-05
-5.05672186495e-05
0.00011187812309
-7.73777290024e-05
-5.15187476082e-05
2.77813075546e-05
-9.85990395889e-05
4.5499061604e-05
9.2519616945e-05
-7.5655654234e-06
3.27173622129e-05
2.11440933777e-05
-2.73076106396e-05
3.9575872018e-05
1.28386619769e-05
-8.6708721374e-05
2.71150581746e-05
1.84895602185e-06
-9.43688272217e-05
5.01372336432e-05
9.71823643115e-06
-6.53745300879e-05
2.39943950407e-05
2.94904121468e-05
-5.76047764689e-05
2.16469833236e-05
1.9322793867e-05
-7.15213099389e-05
0.000126510534041
1.7881225747e-05
7.4016890017e-05
5.08819982898e-05
-4.61695168221e-05
-1.08611703597e-05
3.73631906252e-05
-4.29450881743e-05
-0.000134546559615
-2.12480476873e-05
-4.87853425595e-05
-8.70827624175e-05
1.17167357453e-06
-2.0612850364e-05
-0.000144219005712
0.000133330891064
0.000166701128794
7.48115150638e-05
0.000168439198632
0.000130459894977
-5.13244335009e-05
-7.02639272899e-05
1.84161451525e-06
-7.62989302455e-05
-5.15820638035e-05
-4.99194424505e-05
-0.000112356634937
-1.28261304394e-05
2.69428037005e-05
-8.70457901292e-05
5.23289317064e-05
6.58364214843e-05
-6.63792638525e-05
0.000100478518382
9.37713669286e-08
-6.62962070986e-05
0.000105069505576
2.57739972206e-05
-3.94241325245e-05
4.68180783051e-05
7.08286772785e-05
-0.000117192026492
-3.94360828968e-06
9.3203288115e-06
-2.35457991552e-05
9.21047043303e-06
4.85753752978e-05
-3.86095544034e-05
3.34830711714e-05
-3.61207163685e-05
-6.72790494383e-05
3.72095633142e-05
-2.90206420862e-05
-8.73768109387e-05
5.89666411974e-05
0.000102812689171
-0.000150881528339
2.49596005861e-05
9.77284208111e-05
-2.67046576157e-05
5.78601200079e-05
5.06248949235e-05
-7.86711040448e-05
2.53582752526e-05
3.0108623939e-05
-7.07059902706e-05
6.54040416932e-05
4.99455979645e-05
-5.10174186363e-05
7.99482669481e-06
7.71363909164e-06
-0.000105409852457
-1.62686019814e-05
2.05109432842e-05
3.31227367014e-06
9.00993686794e-05
-2.523302885e-05
-7.50106239924e-05
7.04238178653e-05
-7.49157618945e-05
-0.000103979421151
7.13064596372e-05
0.000105480982291
-0.000110683489103
1.44063814648e-05
0.000106454163135
-7.79390855696e-06
3.61572569359e-05
-2.46822555322e-05
-7.63114820806e-05
3.81135179789e-05
4.45586858673e-05
-1.56361846886e-05
6.43630448743e-05
-6.67661004073e-05
-0.000125074204981
5.33084702489e-05
-1.4636361478e-05
-2.35399276309e-05
0.000109408270445
8.76977722789e-06
-4.75474353132e-05
4.31984185441e-05
-1.64229987719e-05
-6.78589614243e-05
5.45398422507e-05
6.25742434735e-05
-0.000145449610726
3.33724347712e-05
8.50675366035e-05
-8.68870810863e-05
5.90401100563e-05
2.05849331719e-05
-1.11470526876e-05
6.43891835276e-05
5.30450002059e-06
-1.84161064523e-05
-1.92383180255e-05
-3.09399147282e-05
-8.08404398097e-05
4.02458745994e-05
-3.55588439087e-05
-8.91181727797e-05
4.50437920809e-05
7.87534054076e-05
-1.33105400986e-05
3.65920080847e-05
1.30735646625e-05
-4.68888194798e-05
9.03017603526e-05
-5.33963222009e-05
-9.36785318454e-05
0.000110970637935
5.68922112507e-05
-3.86332770988e-05
1.76187312282e-07
-5.51337621905e-05
-4.33275431969e-05
6.33535084541e-05
1.53751244885e-05
-7.29417406635e-05
6.42991459556e-05
1.68491022691e-05
-4.10434932235e-05
2.57848030613e-05
-5.50659564789e-05
-2.13283435491e-06
4.93863202696e-05
-8.65049968366e-06
-6.59741296261e-05
5.02318855042e-05
8.77666861508e-05
-7.56986004713e-05
7.72927793244e-07
-2.86625272361e-05
-4.95850798877e-05
0.000126916039579
8.42989853487e-06
-8.12114726495e-05
9.26583013128e-05
1.85290313806e-05
-0.000124857747521
-2.32880238506e-05
9.21164957431e-05
-1.46252190761e-05
4.9510176437e-05
-4.05942636725e-05
-6.81816496192e-05
7.65372131102e-05
-4.37106786637e-05
-7.01006833407e-05
5.76900477319e-05
4.82288271071e-05
-8.76736608768e-05
6.73658792777e-05
4.05521542532e-05
-0.000116170271776
3.79314122898e-05
7.45788983474e-05
-5.50844600505e-05
6.3386060653e-05
-1.98761588069e-05
1.17846105205e-05
-3.54787948343e-06
4.82535916893e-05
-8.72446204956e-05
-4.70163347948e-05
4.49681615034e-06
-7.78981592125e-05
3.88736268765e-05
3.76298210651e-05
1.56227211252e-06
5.74395338762e-05
-1.27269322322e-07
-3.31182384455e-05
8.30830461276e-05
6.96178910872e-06
-6.76432573235e-05
5.23676789928e-05
7.77235388791e-05
-0.000114951349734
4.1640104384e-05
4.20881339081e-05
-6.09596180024e-05
-7.49747297175e-05
4.63396815659e-07
1.17236848163e-05
3.09593812743e-05
-7.8423414701e-05
-8.71248627757e-05
9.26705370783e-05
1.05201207143e-05
-5.13892787145e-05
1.67733937513e-05
5.97800058495e-05
-2.56648036308e-06
0.000150043830203
-1.69559583958e-05
-6.7560047543e-05
3.46540873377e-05
-6.32899667574e-06
-0.000114058009485
-7.44645746612e-06
6.26490076227e-05
3.05243534962e-07
1.84317676406e-05
-2.90390433774e-05
-1.47032626253e-05
6.53250754794e-05
5.60436829717e-05
-0.000103999031677
6.51543056693e-05
-3.67017878316e-06
-0.000112880636576
4.60492068437e-05
1.53969802688e-05
-1.18481292118e-05
-5.24137739354e-06
1.76021613893e-06
-0.000106401713112
6.68197889705e-05
-3.22457661052e-05
-6.29799742737e-05
0.000125754820306
6.33896227574e-05
-8.28801970338e-05
3.48056625883e-05
7.37674706769e-05
-0.000141490946884
0.000114183098609
0.000171266427145
-4.95685942636e-05
-8.27484585257e-05
4.57922176682e-05
-9.01621145722e-05
-5.37221318856e-05
-6.05448862791e-05
-9.21942685611e-05
5.28129936762e-05
-3.0845268337e-05
3.96895304198e-05
0.000124901824771
2.52204431419e-05
-7.69025685979e-05
7.82401837856e-05
3.30834490168e-05
-7.42378383669e-05
3.42572459805e-05
2.27338068633e-05
-7.30749404829e-05
4.35395781457e-05
1.10506447063e-06
-5.42337664834e-05
-3.38109407794e-06
5.2081531301e-05
-9.54990440117e-05
-2.68997224753e-05
6.61402453373e-05
1.76573054135e-05
8.44890411365e-05
-6.60141791133e-05
9.27002068881e-06
-6.07169966018e-07
3.49153029223e-05
3.25707562117e-06
-1.09165790537e-06
-7.16852739544e-05
-5.75761306232e-05
9.29889140201e-05
-1.28668823656e-05
-4.47185981212e-05
-2.62253559983e-05
3.73281950385e-05
-8.63943828612e-05
9.94135061021e-05
5.21775154572e-05
-1.8544567442e-05
1.80440246287e-05
6.53490336955e-05
6.4048422925e-06
1.79850524206e-05
-8.98920686291e-05
-0.000154002287593
0.000119750114909
-2.01315227786e-05
-6.3374188676e-05
8.73709153008e-05
5.11974932349e-06
-0.000119879145099
1.29535444384e-05
3.6629079403e-05
-5.91275099498e-05
0.000106117780777
7.56734775716e-05
-3.89745322239e-05
5.24760899438e-05
6.2020412066e-05
-0.000108025070099
5.50333840391e-05
2.5687160086e-05
-0.000132329488615
1.50395815119e-05
1.11854804399e-05
-2.61361850465e-05
2.31124336355e-05
4.19705285582e-05
-2.85165486212e-05
-2.03144627256e-05
-1.72141295214e-05
-0.000107636806517
0.000106460668553
4.01074277696e-05
-7.00342502198e-05
0.000109398153138
2.50272813133e-05
-9.80685017209e-05
-1.70445619351e-05
8.91363236502e-05
-0.000149098691732
-2.11226152637e-05
1.62267336541e-05
-6.54605484172e-05
0.000143880897294
6.51758905417e-05
3.33207164311e-05
4.80844650839e-05
-3.11943718919e-05
-2.95862536735e-05
2.92349112925e-05
-4.30570334575e-05
-6.72894560982e-05
1.82079879487e-05
7.06600195316e-05
-4.7392162881e-05
-6.98401102893e-07
-4.08493998552e-05
-7.14834709057e-05
2.93242832452e-05
-1.19099878455e-05
-6.14379702589e-05
0.000101875185146
4.05071164153e-05
-4.93897788663e-05
9.08224147263e-06
4.24398963379e-05
-6.15708579244e-05
8.05335578755e-06
6.54082499873e-05
5.10283561694e-05
-2.49094081186e-05
1.2637809713e-05
-2.7874346012e-05
2.54884340391e-05
4.09714897931e-05
-0.00013673226993
2.79481173073e-05
5.22699674543e-06
2.45462009827e-05
7.17751593267e-05
-5.64101604856e-05
-9.53182398914e-05
-4.98207243032e-06
3.89030092638e-05
-7.21081788501e-05
7.06206429679e-05
4.53808570734e-05
-0.0001181922553
0.000108819604383
4.58591514778e-05
-0.000103608744462
4.02929935066e-05
7.9011328902e-05
-0.000105067696518
5.2732383855e-05
-2.8443858919e-05
-6.51474230564e-05
7.11044026339e-05
1.34251624069e-05
-5.48243751335e-05
7.96963787115e-05
1.0567893891e-05
-9.1363842174e-05
5.05064574471e-05
-3.2996548955e-06
-7.20514170322e-05
5.09974324592e-05
0.00010507944635
-7.56306975442e-05
3.27715361052e-06
3.10288584979e-06
-1.50966877435e-05
6.38421648761e-05
-4.80154049624e-06
-0.000117342404523
9.54675351215e-05
4.71966864053e-05
-0.000109093928512
-6.12449124758e-06
3.98124126634e-06
-2.65919581776e-05
1.96525275536e-05
-1.52812295674e-05
-2.05608674154e-05
0.000111354166552
-1.00860173988e-05
-8.39252788893e-05
3.66954654802e-05
-3.92827134257e-05
-8.39161712729e-06
7.60467289586e-05
5.75941865051e-05
-4.61610606133e-05
1.6142046656e-05
-1.74803900257e-05
-0.000101245682618
8.08262460821e-05
2.86858416368e-05
-8.77426661648e-05
2.83031442441e-05
-5.6091048784e-07
4.63928869849e-05
0.000133282494744
4.94967286143e-05
-9.28051056778e-05
5.59774716258e-05
-1.58270793634e-06
-8.44458289036e-05
-9.74528474206e-05
-0.000148957268616
-6.30642991611e-05
-3.78256831746e-06
1.10391519753e-05
-6.80089731389e-05
9.88530671868e-05
3.00756454162e-05
-6.07738210854e-05
0.000141651885953
0.00017481894768
9.20244332221e-05
3.29484672718e-05
5.23093520655e-05
-4.41961223244e-05
-4.18460406726e-06
4.04132810367e-05
-0.000145520610491
-3.4443079261e-05
-3.49224138014e-05
-6.8253243237e-05
-7.88753701192e-05
-6.65831493737e-05
-1.60775789586e-05
1.71819451918e-05
-1.69763406314e-05
-7.89523466497e-06
8.05919619207e-05
6.11362601687e-05
1.70291899435e-05
9.32252769163e-05
0.000162722832149
-9.54112479851e-05
-1.81462376697e-05
3.79654769938e-06
-5.80151002402e-05
-3.81379727203e-06
-2.94243425425e-05
-6.86613164865e-05
-2.6183608179e-05
-7.50667645976e-06
-1.04874608731e-05
3.36063669963e-05
-1.32620097739e-05
-3.98010925688e-05
6.80340141766e-05
6.93174476085e-05
-3.10366999855e-05
3.20077194035e-05
5.76902544515e-05
-7.66715871338e-05
4.17744619854e-05
-6.62281561645e-06
-3.20810749011e-05
3.65186096801e-05
2.7105654777e-06
-8.78032213757e-05
-1.0181392148e-05
5.59741039246e-05
-0.000121388793341
5.25830621387e-06
7.4857064176e-05
2.79383876679e-05
-5.46508344229e-05
6.60573433356e-05
7.47572447196e-05
3.7717098474e-05
3.81672859935e-05
-9.19525756613e-05
-6.04184288611e-05
-8.74336400435e-06
-8.42742405617e-05
1.76602936498e-05
9.54494554996e-05
-0.000125207314654
5.15335884543e-05
1.21011205536e-05
-3.2629126891e-05
7.91934221697e-05
1.1555719358e-05
-0.000128352531117
2.88762887197e-05
0.000110549028462
-6.43972479869e-05
4.51205902927e-05
9.90814944049e-05
-7.90648025688e-05
-2.47587570701e-05
5.30589033393e-05
-8.94860609528e-05
4.86447564274e-05
5.58214014981e-05
-3.10731372448e-05
-3.14979366078e-05
-6.75792494243e-05
-6.87834379405e-05
0.000109141150357
8.95080319714e-05
-0.000143107183129
-1.81652877908e-05
0.000111027071729
-7.29604698117e-05
-3.84872932138e-06
7.25002775114e-05
-8.82268125496e-05
0.000118808235139
3.60058296915e-05
-8.80269130484e-05
6.87531652203e-05
-1.29989747596e-05
-0.000121377488568
2.66491494376e-05
2.54048873477e-05
-5.11779890945e-05
2.96393624697e-05
1.27767244196e-05
-3.5598071247e-05
6.43393104376e-05
3.98504958314e-05
-3.57677085943e-05
2.83905292181e-05
2.82858237547e-05
-8.65692376858e-05
2.82501867538e-05
3.40015865903e-05
-0.000101407272683
8.22978266805e-07
-4.47102772342e-06
-3.17186179886e-05
9.26421953726e-05
4.09344358043e-05
-6.2717690346e-05
2.41735822416e-05
-8.92361999155e-06
-1.07390681823e-05
9.8130621121e-05
1.35574887489e-05
-3.74334203535e-05
5.42637454383e-05
-4.51289726733e-05
-0.000119092671332
-2.35176320825e-05
3.69017177749e-05
-4.49286774036e-05
-3.78212196258e-06
4.75150991787e-05
-0.000106397631056
0.000137831422279
2.64184172242e-05
-8.52700698451e-05
0.00014886249123
3.2473685582e-05
-0.0001331155045
-8.12073775129e-07
6.76172893649e-05
-2.98631274379e-05
-4.63593028528e-06
-7.9657315405e-06
-5.07229604459e-05
-1.55921778466e-06
8.07981997522e-05
-4.42480167621e-06
5.64835865188e-06
2.15613318071e-05
-0.000106380073364
1.8304818244e-05
2.93974269114e-06
-3.02287680194e-05
6.54463555199e-05
6.95015197935e-05
-0.000114519227467
3.32775291989e-05
-9.29116598017e-06
-6.65236902202e-05
0.000104702589568
6.09276628972e-05
-0.000113913431114
8.87296969772e-07
6.42749157391e-05
-8.48498844777e-05
6.29252571732e-05
-2.99270959237e-06
-3.82528069369e-05
1.81065412446e-05
1.94245712973e-05
-3.90919404543e-05
7.99269651933e-05
-4.69831982635e-05
-3.0013504825e-05
0.000114681845316
-4.50248606935e-05
-6.83433433757e-05
1.80046594311e-05
7.76848891095e-05
-7.70533111342e-05
-1.47189271062e-05
-4.412242161e-05
-3.28636022493e-05
4.90998435603e-05
-5.16450277347e-06
-6.76990607755e-05
5.08895280923e-05
0.000105872982291
-8.01369415931e-05
6.24848463034e-05
3.46220608671e-05
2.25717921526e-05
5.32840839518e-05
-1.72702536454e-05
-8.4222743744e-05
1.26578460474e-05
-2.5478225279e-05
-6.28456600921e-05
-1.49765528992e-06
5.28361944755e-05
-2.99365817827e-05
-7.24373396675e-05
5.03798080054e-05
-5.52637156208e-05
0.000111935758433
2.31037903088e-05
-5.53512895622e-05
5.90458335243e-05
6.14004028633e-05
-6.90030895785e-05
-4.19750426727e-05
4.42228247095e-05
-4.1003401568e-07
4.87959484578e-05
-4.3906219664e-05
-0.000145453244849
2.28528959461e-05
3.04050330968e-05
-5.92247613014e-05
8.18722189645e-05
8.43249888401e-05
-1.23171332791e-05
3.30857418058e-05
6.2498234534e-07
-9.73643773195e-05
4.88501298512e-05
3.33517507026e-05
-0.000120549110549
4.24017636927e-05
5.90300505126e-05
-3.15034602016e-05
4.8993720422e-05
4.07945842287e-06
-4.77005112057e-06
-2.81955703989e-05
-1.18728869564e-05
-0.000116850106864
-1.49611180328e-05
1.34193732358e-05
-0.000103514212535
0.00015125461202
-3.39951693968e-05
-2.76791102354e-05
0.000151695882042
4.00017800948e-05
-3.25408659599e-05
7.71543364708e-05
4.93212240494e-05
-0.000111201216124
0.000126976859479
2.24305377316e-05
-9.73812146098e-05
9.77079766471e-06
-7.66762176458e-05
-0.000135369989799
-2.09771731482e-05
-3.47955660606e-06
-0.000110846532237
4.19640709503e-05
3.23565844954e-05
4.84013739411e-05
8.38110184734e-05
1.60724457663e-05
2.81447873293e-06
0.000155163638848
-1.09702813324e-05
-0.000133039542456
0.000108021082537
2.6704988585e-05
-0.000114276672998
2.88708495831e-05
-9.47500355817e-06
-0.000155229804192
5.35011791005e-05
-4.26120294813e-05
-5.76486049515e-05
9.12931357482e-05
7.09964355823e-05
5.18964266509e-05
-4.87212422613e-06
1.99662697704e-05
-6.41791606962e-05
-1.81417221472e-06
-1.65223569321e-05
3.15560909456e-06
2.82338113828e-07
-6.11531624105e-06
1.80459692682e-05
3.48474431033e-05
-3.722023254e-05
-6.06982599536e-05
4.64645342359e-05
7.73145178884e-06
-5.44708122485e-05
7.18521442589e-05
5.89594166767e-05
-0.000119160456257
-2.08835843335e-09
Temperature: 24.1875 oC