0.000958120822906
0.00128364165624
-0.23081271251
-0.502752816677
0.14653103749
0.483087027073
0.511895620823
0.515411245823
0.517885204156
0.51742947499
0.517657339573
0.51772244374
0.511146922906
0.49760525624
0.43422634999
0.27270291249
0.105287547906
-0.0280783375104
-0.121665577094
-0.185630420844
-0.229087452094
-0.257114795844
-0.263657764594
-0.237030160427
-0.0688660979271
0.148907339573
0.13549588124
0.0604633291562
-0.441522347927
-0.51303927501
-0.518280160427
-0.45376193126
-0.0532085458438
0.349786245823
0.49438259999
0.513978954156
0.51586697499
0.51508572499
0.51176541249
0.502357860406
0.481231558323
0.429213329156
0.37143338124
0.31518338124
0.25258572499
0.18862088124
0.138165152073
0.11147244374
0.107696402073
0.118926870823
0.13051541249
0.134975047906
0.130189891656
0.116810985406
0.0946104645729
0.0685036937396
0.0439594229062
0.0240049958229
0.00994249582291
0.000469839572906
-0.00984917084376
-0.0246603687604
-0.0464051604271
-0.0746278166771
-0.10385958751
-0.127752816677
-0.14253146251
-0.148228077094
-0.14673068126
-0.140024952094
-0.127915577094
-0.10923068126
-0.0829285979271
-0.0505067229271
-0.0191916187604
0.00291124582291
0.00685004790624
-0.00597547292709
-0.0320171395938
-0.0578634937604
-0.0780783375104
-0.0896343270938
-0.0950705250104
-0.0959819833438
-0.0932476083438
-0.0862489104271
-0.0766785979271
-0.0699728687604
-0.0728049000104
-0.0877788583438
-0.111997608344
-0.138299691677
-0.15971896251
-0.170884327094
-0.168540577094
-0.15385958751
-0.12837130626
-0.0952007333438
-0.0586772958438
-0.0253439625104
-0.00278536876043
0.00164171457291
-0.0134299000104
-0.0428895354271
-0.0759624520938
-0.102622608344
-0.11421115001
-0.108221566677
-0.0883973479271
-0.0629741708438
-0.0411642750104
-0.0307150562604
-0.0347840666771
-0.0526877125104
-0.0799338062604
-0.109295785427
-0.132114795844
-0.14262911876
-0.137778858344
-0.11928927501
-0.0923687020938
-0.0627463062604
-0.0355978687604
-0.0132345875104
0.00382270415624
0.0147927562396
0.0193825999896
0.0168435374896
0.00675239165624
-0.0113465666771
-0.0331564625104
-0.0551616708438
-0.0743674000104
-0.0872254729271
-0.0938335458438
-0.0952332854271
-0.0930197437604
-0.0878114104271
-0.0797059416771
-0.0669780770938
-0.0497580250104
-0.0309754729271
-0.0149924000104
-0.00659396251043
-0.0102397958438
-0.0246929208438
-0.0475770354271
-0.0723817229271
-0.0932476083438
-0.10346896251
-0.0999858895938
-0.0828309416771
-0.0571799000104
-0.0305848479271
-0.0104025562604
-0.00190646251043
-0.00600802501043
-0.0185731291771
-0.0319194833438
-0.0403504729271
-0.0406108895938
-0.0330588062604
-0.0214377125104
-0.00822156667709
0.00356228748957
0.0141417145729
0.0251443187396
0.0387510895729
0.0547667145729
0.0691872874896
0.0764789541562
0.0711729645729
0.0489398916562
0.0114073395729
-0.0364442229271
-0.0859233895938
-0.128892139594
-0.160532764594
-0.17798068126
-0.18296115001
-0.17837130626
-0.167075733344
-0.15073458751
-0.130161670844
-0.10571505626
-0.0784364104271
-0.0515483895938
-0.0271017750104
-0.00646375417709
0.0101052562396
0.0242979645729
0.0375792145729
0.0504698395729
0.0627419749896
0.0727029124896
0.0797016104062
0.0824685374896
0.0803526520729
0.0724750479062
0.0601703604062
0.0432758291562
0.0236794749896
0.00235786040624
-0.0186056812604
-0.0369976083438
-0.0511252125104
-0.0597515145938
-0.0630392750104
-0.0604351083438
-0.0536317229271
-0.0449403166771
-0.0352397958438
-0.0271017750104
-0.0220887541771
-0.0205588062604
-0.0217632333438
-0.0244976083438
-0.0273947437604
-0.0291200041771
-0.0293804208438
-0.0284364104271
-0.0268088062604
-0.0252463062604
-0.0238791187604
-0.0232280770938
-0.0236512541771
-0.0241069833438
-0.0245627125104
-0.0243348479271
-0.0220562020938
-0.0178244312604
-0.0115744312604
-0.00324109792709
0.00554796457291
0.0134255687396
0.0194151520729
0.0229958812396
0.0236469229062
0.0215961416562
0.0182107249896
0.0137510895729
0.00831489165624
0.00160916248957
-0.00584526459376
-0.0139181812604
-0.0200054208438
-0.0242046395938
-0.0247254729271
-0.0221864104271
-0.0174338062604
-0.0111512541771
-0.00441297292709
0.00050239165624
0.00444119373957
0.00606879790624
0.00642687082291
0.00541775623957
0.00388780832291
0.00177192290624
-0.00102755626043
-0.00398979584376
-0.00805880626043
-0.0125184416771
-0.0170431812604
-0.0212424000104
-0.0250835458438
-0.0280457854271
-0.0299663583438
-0.0305197437604
-0.0299989104271
-0.0290223479271
-0.0272970875104
-0.0259624520938
-0.0250184416771
-0.0244325041771
-0.0240093270938
-0.0240744312604
-0.0234559416771
-0.0224142750104
-0.0211772958438
-0.0189637541771
-0.0159689625104
-0.0123882333438
-0.00740776459376
-0.00200411876043
0.00408312082291
0.0100727041562
0.0158995270729
0.0212380687396
0.0255349437396
0.0283018708229
0.0296690583229
0.0292133291562
0.0269672354062
0.0232237458229
0.0180154124896
0.0125141104062
0.00671983957291
0.00118598540624
-0.00340385834376
-0.00779838959376
-0.0110861500104
-0.0137554208438
-0.0160666187604
-0.0171408375104
-0.0179871916771
-0.0185080250104
-0.0178244312604
-0.0168478687604
-0.0153830250104
-0.0130067229271
-0.0106629729271
-0.00776583751043
-0.00460828542709
-0.00119031667709
0.00245551665624
0.00636176665624
0.00955187082291
0.0117328604062
0.0131651520729
0.0133930166562
0.0124815583229
0.0111469229062
0.00990994373957
0.00851020415624
0.00711046457291
0.00590603748957
0.00379015207291
0.00160916248957
-0.000539275010427
-0.00278536876043
-0.00519422292709
-0.00701713959376
-0.00874240001043
-0.0105978687604
-0.0118348479271
-0.0132671395938
-0.0137228687604
-0.0140158375104
-0.0137879729271
-0.0127463062604
-0.0109233895938
-0.00874240001043
-0.00503146251043
-0.00119031667709
0.00300890207291
0.00743598540624
0.0117979645729
0.0148578604062
0.0167784333229
0.0171365062396
0.0157693187396
0.0129698395729
0.00942166248957
0.00512478748957
0.00099067290624
-0.00210177501043
-0.00434786876043
-0.00516167084376
-0.00477104584376
-0.00369682709376
-0.00206922292709
-0.000148650010427
0.00108832915624
0.00242296457291
0.00274848540624
0.00212999582291
0.000925568739573
-0.00122286876043
-0.00415255626043
-0.00744031667709
-0.0103700041771
-0.0131369312604
-0.0150249520938
-0.0159038583438
-0.0164572437604
-0.0160340666771
-0.0150575041771
-0.0138205250104
-0.0119325041771
-0.00968641042709
-0.00727755626043
-0.00506401459376
-0.00275281667709
-0.000897347927094
0.00173937082291
0.00392036040624
0.00636176665624
0.00880317290624
0.0110818187396
0.0124490062396
0.0139138499896
0.0142719229062
0.0141742666562
0.0135232249896
0.0121234854062
0.0100075999896
0.00740343332291
0.00466905832291
0.00206489165624
-0.000213754177094
-0.00138562917709
-0.00177625417709
-0.00141818126043
-0.000897347927094
7.92145729065e-05
0.000925568739573
0.00167426665624
0.00196723540624
0.00209744373957
0.00160916248957
0.000274527072906
-0.00161349376043
-0.00398979584376
-0.00701713959376
-0.00952365001043
-0.0111187020938
-0.0123882333438
-0.0124207854271
-0.0115744312604
-0.0103049000104
-0.00809135834376
-0.00542208751043
-0.00278536876043
4.66624895732e-05
0.00330187082291
0.00603624582291
0.00864041248957
0.0109841624896
0.0130674958229
0.0143695791562
0.0150206208229
0.0149880687396
0.0144346833229
0.0131977041562
0.0113422354062
0.00877062082291
0.00603624582291
0.00281358957291
-0.00018120209376
-0.00301323334376
-0.00555229584376
-0.00796115001043
-0.00952365001043
-0.0108908375104
-0.0115744312604
-0.0117046395938
-0.0116069833438
-0.0110861500104
-0.0101421395938
-0.00936088959376
-0.00841687917709
-0.00753797292709
-0.00659396251043
-0.00597547292709
-0.00486870209376
-0.00385958751043
-0.00255750417709
-0.00135307709376
0.000176870822906
0.00167426665624
0.00330187082291
0.00473416248957
0.00629666248957
0.00746853748957
0.00831489165624
0.00899848540624
0.00938911040624
0.00942166248957
0.00922634998957
0.00890082915624
0.00815213123957
0.00737088123957
0.00639431873957
0.00564562082291
0.00450629790624
0.00375759998957
0.00268338123957
0.00177192290624
0.00105577707291
-0.000213754177094
-0.00122286876043
-0.00278536876043
-0.00425021251043
-0.00607312917709
-0.00796115001043
-0.0102072437604
-0.0120952645938
-0.0133647958438
-0.0144715666771
-0.0148621916771
-0.0147319833438
-0.0144390145938
-0.0132020354271
-0.0117371916771
-0.00968641042709
-0.00744031667709
-0.00499891042709
-0.00275281667709
-0.00421766042709
-0.00288302501043
-0.00623588959376
-0.00770073334376
-0.00564995209376
-0.00314344167709
-0.00102755626043
0.000730256239573
0.00281358957291
0.00385525623957
0.00444119373957
0.00483181873957
0.00457140207291
